tam_mat_interna		8
max_interacoes		1500
tam_regiao			25600.00
erro_max			1e-5
op_contorno			2
valor_contor		2.0

mat_permeabilidade

1e-10 1e-10 1e-10 1e-10 1e-10 1e-10 1e-10 1e-10
1e-10 1e-10 1e-10 1e-10 1e-10 1e-10 1e-10 1e-10
1e-10 1e-10 1e-10 1e-10 1e-10 1e-10 1e-10 1e-10
1e-10 1e-10 1e-10 1e-10 1e-10 1e-10 1e-10 1e-10
1e-11 1e-11 1e-11 1e-11 1e-11 1e-11 1e-11 1e-11
1e-11 1e-11 1e-11 1e-11 1e-11 1e-11 1e-11 1e-11
1e-11 1e-11 1e-11 1e-11 1e-11 1e-11 1e-11 1e-11
1e-11 1e-11 1e-11 1e-11 1e-11 1e-11 1e-11 1e-11


matriz_de_fontes

0.0 0.0 0.0 0.0 0.0 0.0 0.0 -1e-7
0.0 0.0 0.0 0.0 0.0 0.0 0.0 0.0
0.0 0.0 0.0 0.0 0.0 0.0 0.0 0.0
0.0 0.0 0.0 0.0 0.0 0.0 0.0 0.0
0.0 0.0 0.0 0.0 0.0 0.0 0.0 0.0
0.0 0.0 0.0 0.0 0.0 0.0 0.0 0.0
0.0 0.0 0.0 0.0 0.0 0.0 0.0 0.0
1e-7 0.0 0.0 0.0 0.0 0.0 0.0 0.0
