

		 - - CARREGANDO ENTRADA - - 

		 - - LENDO ARQUIVO DE ENTRADA - -
		 - - ARQUIVO DE ENTRADA CARREGADO - -


		 - - ENTRADA CARREGA - - 



		- - INICIALIZANDO PARAMETROS - - 




		- - FIM DA INICIALIZACAO PARAMETROS - - 



valor da media em serial = 0.000000 	 i = 0

valor da media em cuda = 0.000000 	 i = 0

				pressao:
    0.000000E+00     0.000000E+00     0.000000E+00     0.000000E+00     0.000000E+00     0.000000E+00     0.000000E+00     0.000000E+00     0.000000E+00     0.000000E+00 
    0.000000E+00     0.000000E+00     0.000000E+00     0.000000E+00     0.000000E+00     0.000000E+00     0.000000E+00     0.000000E+00    -3.840000E+10     0.000000E+00 
    0.000000E+00     0.000000E+00     0.000000E+00     0.000000E+00     0.000000E+00     0.000000E+00     0.000000E+00     0.000000E+00     0.000000E+00     0.000000E+00 
    0.000000E+00     0.000000E+00     0.000000E+00     0.000000E+00     0.000000E+00     0.000000E+00     0.000000E+00     0.000000E+00     0.000000E+00     0.000000E+00 
    0.000000E+00     0.000000E+00     0.000000E+00     0.000000E+00     0.000000E+00     0.000000E+00     0.000000E+00     0.000000E+00     0.000000E+00     0.000000E+00 
    0.000000E+00     0.000000E+00     0.000000E+00     0.000000E+00     0.000000E+00     0.000000E+00     0.000000E+00     0.000000E+00     0.000000E+00     0.000000E+00 
    0.000000E+00     0.000000E+00     0.000000E+00     0.000000E+00     0.000000E+00     0.000000E+00     0.000000E+00     0.000000E+00     0.000000E+00     0.000000E+00 
    0.000000E+00     0.000000E+00     0.000000E+00     0.000000E+00     0.000000E+00     0.000000E+00     0.000000E+00     0.000000E+00     0.000000E+00     0.000000E+00 
    0.000000E+00     3.840000E+10     0.000000E+00     0.000000E+00     0.000000E+00     0.000000E+00     0.000000E+00     0.000000E+00     0.000000E+00     0.000000E+00 
    0.000000E+00     0.000000E+00     0.000000E+00     0.000000E+00     0.000000E+00     0.000000E+00     0.000000E+00     0.000000E+00     0.000000E+00     0.000000E+00 

valor da media em serial = -32.000000 	 i = 1

valor da media em cuda = 0.000000 	 i = 1

				pressao:
    0.000000E+00     0.000000E+00     0.000000E+00     0.000000E+00     0.000000E+00     0.000000E+00     0.000000E+00     0.000000E+00     0.000000E+00     0.000000E+00 
    0.000000E+00     0.000000E+00     0.000000E+00     0.000000E+00     0.000000E+00     0.000000E+00     0.000000E+00    -1.706667E+10    -3.840000E+10     0.000000E+00 
    0.000000E+00     0.000000E+00     0.000000E+00     0.000000E+00     0.000000E+00     0.000000E+00     0.000000E+00     0.000000E+00    -1.706667E+10     0.000000E+00 
    0.000000E+00     0.000000E+00     0.000000E+00     0.000000E+00     0.000000E+00     0.000000E+00     0.000000E+00     0.000000E+00     0.000000E+00     0.000000E+00 
    0.000000E+00     0.000000E+00     0.000000E+00     0.000000E+00     0.000000E+00     0.000000E+00     0.000000E+00     0.000000E+00     0.000000E+00     0.000000E+00 
    0.000000E+00     0.000000E+00     0.000000E+00     0.000000E+00     0.000000E+00     0.000000E+00     0.000000E+00     0.000000E+00     0.000000E+00     0.000000E+00 
    0.000000E+00     0.000000E+00     0.000000E+00     0.000000E+00     0.000000E+00     0.000000E+00     0.000000E+00     0.000000E+00     0.000000E+00     0.000000E+00 
    0.000000E+00     1.706667E+10     0.000000E+00     0.000000E+00     0.000000E+00     0.000000E+00     0.000000E+00     0.000000E+00     0.000000E+00     0.000000E+00 
    0.000000E+00     3.840000E+10     1.706667E+10     0.000000E+00     0.000000E+00     0.000000E+00     0.000000E+00     0.000000E+00     0.000000E+00     0.000000E+00 
    0.000000E+00     0.000000E+00     0.000000E+00     0.000000E+00     0.000000E+00     0.000000E+00     0.000000E+00     0.000000E+00     0.000000E+00     0.000000E+00 

valor da media em serial = 24.000000 	 i = 2

valor da media em cuda = 0.000000 	 i = 2

				pressao:
    0.000000E+00     0.000000E+00     0.000000E+00     0.000000E+00     0.000000E+00     0.000000E+00     0.000000E+00     0.000000E+00     0.000000E+00     0.000000E+00 
    0.000000E+00     0.000000E+00     0.000000E+00     0.000000E+00     0.000000E+00     0.000000E+00    -7.585185E+09    -1.706667E+10    -4.408889E+10     0.000000E+00 
    0.000000E+00     0.000000E+00     0.000000E+00     0.000000E+00     0.000000E+00     0.000000E+00     0.000000E+00    -1.137778E+10    -1.706667E+10     0.000000E+00 
    0.000000E+00     0.000000E+00     0.000000E+00     0.000000E+00     0.000000E+00     0.000000E+00     0.000000E+00     0.000000E+00    -7.585185E+09     0.000000E+00 
    0.000000E+00     0.000000E+00     0.000000E+00     0.000000E+00     0.000000E+00     0.000000E+00     0.000000E+00     0.000000E+00     0.000000E+00     0.000000E+00 
    0.000000E+00     0.000000E+00     0.000000E+00     0.000000E+00     0.000000E+00     0.000000E+00     0.000000E+00     0.000000E+00     0.000000E+00     0.000000E+00 
    0.000000E+00     7.585185E+09     0.000000E+00     0.000000E+00     0.000000E+00     0.000000E+00     0.000000E+00     0.000000E+00     0.000000E+00     0.000000E+00 
    0.000000E+00     1.706667E+10     1.137778E+10     0.000000E+00     0.000000E+00     0.000000E+00     0.000000E+00     0.000000E+00     0.000000E+00     0.000000E+00 
    0.000000E+00     4.408889E+10     1.706667E+10     7.585185E+09     0.000000E+00     0.000000E+00     0.000000E+00     0.000000E+00     0.000000E+00     0.000000E+00 
    0.000000E+00     0.000000E+00     0.000000E+00     0.000000E+00     0.000000E+00     0.000000E+00     0.000000E+00     0.000000E+00     0.000000E+00     0.000000E+00 

valor da media em serial = -48.000000 	 i = 3

valor da media em cuda = 0.000000 	 i = 3

				pressao:
    0.000000E+00     0.000000E+00     0.000000E+00     0.000000E+00     0.000000E+00     0.000000E+00     0.000000E+00     0.000000E+00     0.000000E+00     0.000000E+00 
    0.000000E+00     0.000000E+00     0.000000E+00     0.000000E+00     0.000000E+00    -3.371194E+09    -7.585185E+09    -2.233415E+10    -4.408889E+10     0.000000E+00 
    0.000000E+00     0.000000E+00     0.000000E+00     0.000000E+00     0.000000E+00     0.000000E+00    -6.320988E+09    -1.137778E+10    -2.233415E+10     0.000000E+00 
    0.000000E+00     0.000000E+00     0.000000E+00     0.000000E+00     0.000000E+00     0.000000E+00     0.000000E+00    -6.320988E+09    -7.585185E+09     0.000000E+00 
    0.000000E+00     0.000000E+00     0.000000E+00     0.000000E+00     0.000000E+00     0.000000E+00     0.000000E+00     0.000000E+00    -3.371194E+09     0.000000E+00 
    0.000000E+00     3.371194E+09     0.000000E+00     0.000000E+00     0.000000E+00     0.000000E+00     0.000000E+00     0.000000E+00     0.000000E+00     0.000000E+00 
    0.000000E+00     7.585185E+09     6.320988E+09     0.000000E+00     0.000000E+00     0.000000E+00     0.000000E+00     0.000000E+00     0.000000E+00     0.000000E+00 
    0.000000E+00     2.233415E+10     1.137778E+10     6.320988E+09     0.000000E+00     0.000000E+00     0.000000E+00     0.000000E+00     0.000000E+00     0.000000E+00 
    0.000000E+00     4.408889E+10     2.233415E+10     7.585185E+09     3.371194E+09     0.000000E+00     0.000000E+00     0.000000E+00     0.000000E+00     0.000000E+00 
    0.000000E+00     0.000000E+00     0.000000E+00     0.000000E+00     0.000000E+00     0.000000E+00     0.000000E+00     0.000000E+00     0.000000E+00     0.000000E+00 

valor da media em serial = -204.000000 	 i = 4

valor da media em cuda = 0.000000 	 i = 4

				pressao:
    0.000000E+00     0.000000E+00     0.000000E+00     0.000000E+00     0.000000E+00     0.000000E+00     0.000000E+00     0.000000E+00     0.000000E+00     0.000000E+00 
    0.000000E+00     0.000000E+00     0.000000E+00     0.000000E+00    -1.498308E+09    -3.371194E+09    -1.170553E+10    -2.233415E+10    -4.921591E+10     0.000000E+00 
    0.000000E+00     0.000000E+00     0.000000E+00     0.000000E+00     0.000000E+00    -3.230727E+09    -6.320988E+09    -1.531084E+10    -2.233415E+10     0.000000E+00 
    0.000000E+00     0.000000E+00     0.000000E+00     0.000000E+00     0.000000E+00     0.000000E+00    -4.213992E+09    -6.320988E+09    -1.170553E+10     0.000000E+00 
    0.000000E+00     1.498308E+09     0.000000E+00     0.000000E+00     0.000000E+00     0.000000E+00     0.000000E+00    -3.230727E+09    -3.371194E+09     0.000000E+00 
    0.000000E+00     3.371194E+09     3.230727E+09     0.000000E+00     0.000000E+00     0.000000E+00     0.000000E+00     0.000000E+00    -1.498308E+09     0.000000E+00 
    0.000000E+00     1.170553E+10     6.320988E+09     4.213992E+09     0.000000E+00     0.000000E+00     0.000000E+00     0.000000E+00     0.000000E+00     0.000000E+00 
    0.000000E+00     2.233415E+10     1.531083E+10     6.320988E+09     3.230727E+09     0.000000E+00     0.000000E+00     0.000000E+00     0.000000E+00     0.000000E+00 
    0.000000E+00     4.921591E+10     2.233415E+10     1.170553E+10     3.371194E+09     1.498308E+09     0.000000E+00     0.000000E+00     0.000000E+00     0.000000E+00 
    0.000000E+00     0.000000E+00     0.000000E+00     0.000000E+00     0.000000E+00     0.000000E+00     0.000000E+00     0.000000E+00     0.000000E+00     0.000000E+00 

valor da media em serial = -237.000000 	 i = 5

valor da media em cuda = -512.000000 	 i = 5

				pressao:
    0.000000E+00     0.000000E+00     0.000000E+00     0.000000E+00     0.000000E+00     0.000000E+00     0.000000E+00     0.000000E+00     0.000000E+00     0.000000E+00 
    0.000000E+00     0.000000E+00     0.000000E+00    -6.659148E+08    -1.498308E+09    -6.180520E+09    -1.170553E+10    -2.643629E+10    -4.921591E+10     0.000000E+00 
    0.000000E+00     0.000000E+00     0.000000E+00     0.000000E+00    -1.576345E+09    -3.230727E+09    -9.380031E+09    -1.531084E+10    -2.643629E+10     0.000000E+00 
    0.000000E+00     6.659148E+08     0.000000E+00     0.000000E+00     0.000000E+00    -2.481573E+09    -4.213992E+09    -9.380031E+09    -1.170553E+10     0.000000E+00 
    0.000000E+00     1.498308E+09     1.576345E+09     0.000000E+00     0.000000E+00     0.000000E+00    -2.481573E+09    -3.230727E+09    -6.180519E+09     0.000000E+00 
    0.000000E+00     6.180520E+09     3.230727E+09     2.481573E+09     0.000000E+00     0.000000E+00     0.000000E+00    -1.576345E+09    -1.498308E+09     0.000000E+00 
    0.000000E+00     1.170553E+10     9.380031E+09     4.213992E+09     2.481573E+09     0.000000E+00     0.000000E+00     0.000000E+00    -6.659148E+08     0.000000E+00 
    0.000000E+00     2.643629E+10     1.531083E+10     9.380031E+09     3.230727E+09     1.576345E+09     0.000000E+00     0.000000E+00     0.000000E+00     0.000000E+00 
    0.000000E+00     4.921591E+10     2.643629E+10     1.170553E+10     6.180520E+09     1.498308E+09     6.659148E+08     0.000000E+00     0.000000E+00     0.000000E+00 
    0.000000E+00     0.000000E+00     0.000000E+00     0.000000E+00     0.000000E+00     0.000000E+00     0.000000E+00     0.000000E+00     0.000000E+00     0.000000E+00 

valor da media em serial = 397.000000 	 i = 6

valor da media em cuda = 256.000000 	 i = 6

				pressao:
    0.000000E+00     0.000000E+00     0.000000E+00     0.000000E+00     0.000000E+00     0.000000E+00     0.000000E+00     0.000000E+00     0.000000E+00     0.000000E+00 
    0.000000E+00     5.120000E+02    -2.959617E+08    -6.659144E+08    -3.244021E+09    -6.180520E+09    -1.476342E+10    -2.643629E+10    -5.297641E+10     0.000000E+00 
    0.000000E+00     2.959627E+08     5.120000E+02    -7.474196E+08    -1.576345E+09    -5.462579E+09    -9.380031E+09    -1.877394E+10    -2.643629E+10     0.000000E+00 
    0.000000E+00     6.659154E+08     7.474206E+08     5.120000E+02    -1.352639E+09    -2.481572E+09    -6.503072E+09    -9.380031E+09    -1.476342E+10     0.000000E+00 
    0.000000E+00     3.244022E+09     1.576346E+09     1.352640E+09     5.120000E+02    -1.654382E+09    -2.481572E+09    -5.462579E+09    -6.180519E+09     0.000000E+00 
    0.000000E+00     6.180521E+09     5.462581E+09     2.481573E+09     1.654383E+09     5.120000E+02    -1.352639E+09    -1.576345E+09    -3.244021E+09     0.000000E+00 
    0.000000E+00     1.476342E+10     9.380031E+09     6.503073E+09     2.481573E+09     1.352640E+09     5.120000E+02    -7.474196E+08    -6.659144E+08     0.000000E+00 
    0.000000E+00     2.643629E+10     1.877393E+10     9.380031E+09     5.462581E+09     1.576346E+09     7.474205E+08     5.120000E+02    -2.959617E+08     0.000000E+00 
    0.000000E+00     5.297641E+10     2.643629E+10     1.476342E+10     6.180521E+09     3.244022E+09     6.659154E+08     2.959627E+08     5.120000E+02     0.000000E+00 
    0.000000E+00     0.000000E+00     0.000000E+00     0.000000E+00     0.000000E+00     0.000000E+00     0.000000E+00     0.000000E+00     0.000000E+00     0.000000E+00 

valor da media em serial = 96.623764 	 i = 7

valor da media em cuda = -512.000000 	 i = 7

				pressao:
    0.000000E+00     0.000000E+00     0.000000E+00     0.000000E+00     0.000000E+00     0.000000E+00     0.000000E+00     0.000000E+00     0.000000E+00     0.000000E+00 
    0.000000E+00     2.319211E+02    -2.959619E+08    -1.683541E+09    -3.244022E+09    -8.370948E+09    -1.476342E+10    -2.963847E+10    -5.297641E+10     0.000000E+00 
    0.000000E+00     2.959624E+08     2.864908E+02    -7.474198E+08    -3.076771E+09    -5.462580E+09    -1.204099E+10    -1.877394E+10    -2.963847E+10     0.000000E+00 
    0.000000E+00     1.683541E+09     7.474203E+08     2.182787E+02    -1.352639E+09    -4.163700E+09    -6.503072E+09    -1.204099E+10    -1.476342E+10     0.000000E+00 
    0.000000E+00     3.244022E+09     3.076772E+09     1.352640E+09     1.091394E+02    -1.654381E+09    -4.163700E+09    -5.462580E+09    -8.370947E+09     0.000000E+00 
    0.000000E+00     8.370947E+09     5.462581E+09     4.163700E+09     1.654382E+09     1.091394E+02    -1.352639E+09    -3.076771E+09    -3.244021E+09     0.000000E+00 
    0.000000E+00     1.476342E+10     1.204099E+10     6.503072E+09     4.163700E+09     1.352640E+09     1.909939E+02    -7.474198E+08    -1.683541E+09     0.000000E+00 
    0.000000E+00     2.963847E+10     1.877393E+10     1.204099E+10     5.462581E+09     3.076772E+09     7.474203E+08     2.455636E+02    -2.959619E+08     0.000000E+00 
    0.000000E+00     5.297641E+10     2.963847E+10     1.476342E+10     8.370948E+09     3.244022E+09     1.683541E+09     2.959624E+08     2.319211E+02     0.000000E+00 
    0.000000E+00     0.000000E+00     0.000000E+00     0.000000E+00     0.000000E+00     0.000000E+00     0.000000E+00     0.000000E+00     0.000000E+00     0.000000E+00 

valor da media em serial = 491.150269 	 i = 8

valor da media em cuda = 512.000000 	 i = 8

				pressao:
    0.000000E+00     0.000000E+00     0.000000E+00     0.000000E+00     0.000000E+00     0.000000E+00     0.000000E+00     0.000000E+00     0.000000E+00     0.000000E+00 
    0.000000E+00     7.776179E+02    -6.495856E+08    -1.683540E+09    -4.754774E+09    -8.370947E+09    -1.732349E+10    -2.963847E+10    -5.599248E+10     0.000000E+00 
    0.000000E+00     6.495872E+08     7.776179E+02    -1.337630E+09    -3.076771E+09    -7.396609E+09    -1.204099E+10    -2.152832E+10    -2.963847E+10     0.000000E+00 
    0.000000E+00     1.683542E+09     1.337632E+09     8.458300E+02    -1.962610E+09    -4.163700E+09    -8.635436E+09    -1.204099E+10    -1.732348E+10     0.000000E+00 
    0.000000E+00     4.754776E+09     3.076773E+09     1.962612E+09     8.731149E+02    -2.224338E+09    -4.163699E+09    -7.396609E+09    -8.370948E+09     0.000000E+00 
    0.000000E+00     8.370948E+09     7.396610E+09     4.163700E+09     2.224340E+09     8.731149E+02    -1.962610E+09    -3.076771E+09    -4.754774E+09     0.000000E+00 
    0.000000E+00     1.732349E+10     1.204099E+10     8.635436E+09     4.163700E+09     1.962612E+09     8.458300E+02    -1.337630E+09    -1.683540E+09     0.000000E+00 
    0.000000E+00     2.963847E+10     2.152833E+10     1.204099E+10     7.396610E+09     3.076773E+09     1.337632E+09     7.912604E+02    -6.495857E+08     0.000000E+00 
    0.000000E+00     5.599248E+10     2.963847E+10     1.732349E+10     8.370948E+09     4.754776E+09     1.683542E+09     6.495871E+08     7.776179E+02     0.000000E+00 
    0.000000E+00     0.000000E+00     0.000000E+00     0.000000E+00     0.000000E+00     0.000000E+00     0.000000E+00     0.000000E+00     0.000000E+00     0.000000E+00 

valor da media em serial = 421.410614 	 i = 9

valor da media em cuda = -512.000000 	 i = 9

				pressao:
    0.000000E+00     0.000000E+00     0.000000E+00     0.000000E+00     0.000000E+00     0.000000E+00     0.000000E+00     0.000000E+00     0.000000E+00     0.000000E+00 
    0.000000E+00     3.001332E+02    -6.495863E+08    -2.435260E+09    -4.754775E+09    -1.030963E+10    -1.732349E+10    -3.227353E+10    -5.599248E+10     0.000000E+00 
    0.000000E+00     6.495868E+08     2.319211E+02    -1.337631E+09    -4.124951E+09    -7.396610E+09    -1.428095E+10    -2.152832E+10    -3.227353E+10     0.000000E+00 
    0.000000E+00     2.435261E+09     1.337631E+09     2.182787E+02    -1.962611E+09    -5.351765E+09    -8.635436E+09    -1.428095E+10    -1.732349E+10     0.000000E+00 
    0.000000E+00     4.754775E+09     4.124951E+09     1.962611E+09     4.365574E+02    -2.224339E+09    -5.351765E+09    -7.396610E+09    -1.030963E+10     0.000000E+00 
    0.000000E+00     1.030963E+10     7.396609E+09     5.351764E+09     2.224339E+09     4.365574E+02    -1.962610E+09    -4.124951E+09    -4.754776E+09     0.000000E+00 
    0.000000E+00     1.732349E+10     1.428095E+10     8.635435E+09     5.351764E+09     1.962611E+09     1.637090E+02    -1.337631E+09    -2.435260E+09     0.000000E+00 
    0.000000E+00     3.227353E+10     2.152833E+10     1.428095E+10     7.396610E+09     4.124952E+09     1.337631E+09     2.182787E+02    -6.495861E+08     0.000000E+00 
    0.000000E+00     5.599248E+10     3.227353E+10     1.732349E+10     1.030963E+10     4.754775E+09     2.435261E+09     6.495868E+08     2.182787E+02     0.000000E+00 
    0.000000E+00     0.000000E+00     0.000000E+00     0.000000E+00     0.000000E+00     0.000000E+00     0.000000E+00     0.000000E+00     0.000000E+00     0.000000E+00 
